BR 10 2023 016971 6
BR 10 2023 013367 3
BR 10 2023 011789 9
BR 10 2023 007328 0
BR 20 2023 007326 9
BR 10 2023 005615 6
BR 10 2023 005134 0
BR 10 2022 024654 8
BR 10 2022 023584 8
BR 10 2022 018961 7
BR 10 2022 018418 6
BR 10 2022 013629 7
BR 10 2022 011393 9
BR 10 2022 009997 9
BR 10 2022 007175 6
BR 20 2022 006924 2
BR 10 2022 003906 2
BR 10 2022 000149 9
BR 10 2021 024335 0
BR 10 2021 022720 6
BR 10 2021 021376 0
BR 10 2021 021097 4
BR 10 2021 016932 0
BR 10 2021 013032 6
BR 10 2021 012922 0
BR 10 2021 011530 0
BR 10 2021 011096 1
BR 10 2021 008059 0
BR 10 2021 007808 1
BR 13 2021 007434 4
BR 10 2021 007185 0
BR 10 2021 003461 0
BR 13 2021 002871 7
BR 13 2021 001944 0
BR 10 2021 000894 6
BR 10 2020 027091 5
BR 10 2020 026059 6
BR 10 2020 025875 3
BR 10 2020 023965 1
BR 10 2020 022526 0
BR 10 2020 018748 1
BR 10 2020 017446 0
BR 10 2020 017032 5
BR 10 2020 016656 5
BR 10 2020 016396 5
BR 10 2020 015866 0
BR 13 2020 014647 4
BR 10 2020 014664 5
BR 10 2020 014550 9
BR 10 2020 014445 6
BR 10 2020 011199 0
BR 10 2020 011069 1
BR 10 2020 010872 7
BR 10 2020 010389 0
BR 10 2020 010017 3